root_frame: root
map_frame: map_3
translation:
  x: 128.11034
  y: 4.0499954
  z: 0.0
rotation:
  roll: 0.0
  pitch: 0.0
  yaw: 1.1452771
