root_frame: root
map_frame: map_4
translation:
  x: -8.159992
  y: 17.72999
  z: 0.0
rotation:
  roll: 0.0
  pitch: 0.0
  yaw: -1.328501
