root_frame: root
map_frame: map_2
translation:
  x: -6.9499807
  y: 18.52019
  z: 0.0
rotation:
  roll: 0.0
  pitch: 0.0
  yaw: -1.5293792
