root_frame: root
map_frame: map_1
translation:
  x: -10.850006
  y: 18.400036
  z: 0.0
rotation:
  roll: 0.0
  pitch: 0.0
  yaw: 2.4665027
